0,395
0,389
0,387
0,383
0,382
0,243
0,381
0,380
0,358
0,356
0,354
0,353
0,351
0,347
0,345
0,339
0,338
0,333
0,330
0,329
0,320
0,319
0,322
35,5
0,318
0,317
0,316
33,1
33,3
0,315
0,408
38,35
36,5
36,3
36,1
35,16
35,15
35,14
35,13
35,12
35,11
35,10
35,9
35,8
35,3
35,1
32,3
32,1
30,3
30,1
29,3
29,1
20,3
20,2
20,1
19,3
19,2
19,1
18,3
18,1
17,3
17,2
17,1
16,3
16,2
16,1
15,3
15,2
15,1
14,3
14,2
14,1
13,3
13,2
13,1
12,3
12,2
12,1
11,3
11,2
11,1
10,3
10,2
10,1
9,3
9,2
9,1
8,3
8,2
8,1
7,13
7,12
7,10
7,9
7,6
7,5
7,4
7,3
7,2
7,1
6,6
6,5
6,3
6,2
6,1
